1431771346	1431771376	1431771459
1431771346	1431771376	1431772178
1431773060	1431773103	1431773240
1431775135	1431775158	1431775207
1431775135	1431775158	1431775674
1431777320	1431777341	1431777374
1431779369	1431779399	1431779437
1431783413	1431783435	1431783563
1431786464	1431786479	1431786652
1431788573	1431788595	1431788625
1431790031	1431790048	1431790080
1431791885	1431791906	1431791986
1431793832	1431793847	1431793884
1431795733	1431795760	1431795834
1431795733	1431795760	1431796094
1431797940	1431797957	1431798001
1431801151	1431801170	1431801200
1431803195	1431803213	1431803242
1431803195	1431803213	1431803479
1431805638	1431805662	1431805695
1431807630	1431807645	1431807801
1431813767	1431813784	1431813860
1431817355	1431817373	1431817616
1431819469	1431819489	1431819528
1431821493	1431821512	1431821685
1431823342	1431823386	1431823731
1431825611	1431825630	1431825661
1431827517	1431827532	1431827554
1431834188	1431834208	1431834260
1431834188	1431834208	1431834563
1431834188	1431834208	1431834781
1431844912	1431844939	1431845031
1431847182	1431847204	1431847243
1431850705	1431850722	1431850788
1431852624	1431852640	1431852669
1431853320	1431853341	1431853383
1431855407	1431855428	1431855605
1431857635	1431857655	1431857717
1431864297	1431864316	1431864557
1431866710	1431866725	1431866804
1431868901	1431868913	1431868949
1431870962	1431870976	1431871033
1431873627	1431873651	1431873726
1431875648	1431875668	1431875703
1431876600	1431876621	1431876961
1431879017	1431879034	1431879075
1431880269	1431880290	1431880328
1431880722	1431880742	1431880915
1431883385	1431883401	1431883436
1431885333	1431885352	1431885398
1431886265	1431886301	1431886395
1431888391	1431888413	1431888445
1431889186	1431889204	1431889292
1431893768	1431893780	1431893934
1431896117	1431896135	1431896347
1431898878	1431898903	1431899004
1431918909	1431918928	1431919181
1431921198	1431921215	1431921245
1431901309	1431901327	1431901420
1431903582	1431903600	1431903658
1431905489	1431905516	1431905585
1431931667	1431931691	1431931760
1431938402	1431938424	1431938451
1431941386	1431941399	1431941426
1431943517	1431943535	1431943562
1431945655	1431945672	1431945706
1431949167	1431949186	1431949217
1431951774	1431951791	1431951815
1431966005	1431966016	1431966040
1431968429	1431968442	1431968466
1431970354	1431970372	1431970395
1431971892	1431971906	1431971929
1431974138	1431974153	1431974180
1431984631	1431984643	1431984682
1431986543	1431986560	1431986586
1432011847	1432011861	1432011890
1432013736	1432013754	1432013780
1432014641	1432014660	1432014685
1432016510	1432016527	1432016553
1431908470	1431908489	1431908762
1431910619	1431910634	1431910674
1431912718	1431912734	1431912769
1431914730	1431914744	1431914788
1431991606	1431991625	1431991654
1431993502	1431993522	1431993553
1431995418	1431995436	1431995472
1431997318	1431997333	1431997362
1431999372	1431999386	1431999412
1432001873	1432001891	1432002004
1432021783	1432021808	1432021936
1432024620	1432024637	1432024663
1432029727	1432029746	1432029773
1432031605	1432031624	1432031645
1432039129	1432039144	1432039180
1432043399	1432043413	1432043491
1432044500	1432044514	1432044541
1432046401	1432046415	1432046447
1432047852	1432047874	1432047903
1432049796	1432049811	1432049854
1432051506	1432051519	1432051544
1432053402	1432053414	1432053441
1432061710	1432061724	1432061756
1432064841	1432064862	1432064891
1432065835	1432065848	1432065899
1432067726	1432067743	1432067771
1432070113	1432070125	1432070157
1432072166	1432072178	1432072209
1432072166	1432072178	1432072628
1432074567	1432074579	1432074606
1432074567	1432074579	1432075019
1432076947	1432076960	1432076989
1432076947	1432076960	1432077341
1432079232	1432079246	1432079275
1432081462	1432081484	1432081559
1432085132	1432085147	1432085202
1432087091	1432087109	1432087139
1432088977	1432088995	1432089102
1432091242	1432091258	1432091294
1432093181	1432093201	1432093233
1432095129	1432095145	1432095173
1432097395	1432097409	1432097493
1432144195	1432144211	1432144250
1432146100	1432146112	1432146345
1432148305	1432148323	1432148352
1432150396	1432150407	1432150440
1432154006	1432154018	1432154048
1432156048	1432156060	1432156089
1432160136	1432160148	1432160237
1432162247	1432162267	1432162297
1432164371	1432164383	1432164411
1432169245	1432169261	1432169457
1432171445	1432171460	1432171623
1432173511	1432173539	1432173632
1432175472	1432175492	1432175593
1432177531	1432177552	1432177579
1432179457	1432179478	1432179518
1432181414	1432181433	1432181481
1432184618	1432184637	1432184677
1432186789	1432186807	1432187205
1432189822	1432189840	1432189871
1432189822	1432189840	1432191107
1432192086	1432192100	1432192129
1432193674	1432193691	1432193717
1432195841	1432195857	1432195894
1432197932	1432197943	1432197975
1432200264	1432200282	1432200335
1432200264	1432200282	1432201223
1432203215	1432203234	1432203280
1432205208	1432205232	1432205265
1432207153	1432207172	1432207271
1432208219	1432208241	1432208278
1432222706	1432222750	1432222780
1432224734	1432224751	1432224778
1432226944	1432226966	1432226997
1432229043	1432229056	1432229077
1432232350	1432232367	1432232459
1432234295	1432234308	1432234331
1432236408	1432236422	1432236443
1432238372	1432238392	1432238418
1432240373	1432240395	1432240423
1432242253	1432242274	1432242329
1432244371	1432244394	1432244426
1432246364	1432246394	1432246433
1432249790	1432249809	1432249849
1432251761	1432251777	1432251807
1432255414	1432255430	1432256111
1432257967	1432257991	1432258063
1432260366	1432260381	1432260413
1432262401	1432262421	1432262486
1432264378	1432264400	1432264510
1432267000	1432267017	1432267052
1432268987	1432269005	1432269106
1432271082	1432271109	1432271184
1432273911	1432273955	1432274151
1432276191	1432276209	1432276240
1432277049	1432277066	1432277093
1432277984	1432278002	1432278033
1432279098	1432279114	1432279174
1432280110	1432280129	1432280169
1432281775	1432281794	1432281929
1432282839	1432282854	1432283138
1432284041	1432284061	1432284118
1432285048	1432285066	1432285375
1432286560	1432286588	1432286677
1432287044	1432287059	1432287105
1432294738	1432294754	1432295099
1432296052	1432296068	1432296154
1432297070	1432297090	1432297122
1432306788	1432306804	1432306931
1432307931	1432307956	1432307984
1432309880	1432309893	1432309920
1432313095	1432313112	1432313140
1432315027	1432315042	1432315074
1432316929	1432316943	1432316972
1432321700	1432321714	1432321744
1432324420	1432324438	1432324463
1432328886	1432328898	1432328926
1432330864	1432330891	1432330928
1432332829	1432332844	1432332881
1432335124	1432335150	1432335216
1432337085	1432337103	1432337130
1432340955	1432340974	1432341050
1432342900	1432342921	1432343006
1432344842	1432344863	1432344944
1432346816	1432346830	1432346887
1432348758	1432348776	1432348827
1432350679	1432350699	1432350729
1432352776	1432352858	1432352871
1432354777	1432354792	1432354870
1432356738	1432356749	1432356801
1432358727	1432358740	1432358809
1432362501	1432362517	1432362564
1432364553	1432364573	1432364608
1432366596	1432366616	1432366648
1432368598	1432368619	1432368658
1432370571	1432370587	1432370618
1432372585	1432372600	1432372626
1432375795	1432375818	143237588
1432378653	1432378666	1432378695
1432382647	1432382661	1432382852
1432384693	1432384722	1432384752
1432386939	1432386959	1432386990
1432389097	1432389119	1432389153
1432389853	1432389871	1432389909
1432391306	1432391330	1432391368
1432397984	1432398000	1432398030
1432402235	1432402252	1432402281
1432403338	1432403375	1432403434
1432407007	1432407021	1432407058
1432408877	1432408894	1432408923
1432409635	1432409648	1432409745
1432411597	1432411614	1432411652
1432415306	1432415321	1432415350
1432417654	1432417672	1432417710
1432419595	1432419612	1432419638
1432421476	1432421491	1432421518
1432423373	1432423387	1432423417
1432425277	1432425294	1432425325
1432484482	1432484510	1432484544
1432486520	1432486620	1432486658
1432488586	1432488627	1432488655
1432490572	1432490666	1432490698
1432493439	1432493458	1432493491
1432494035	1432494048	1432494113
1432496749	1432496777	1432496847
1432498903	1432498922	1432498986
1432500959	1432500971	1432500997
1432502898	1432502908	1432502930
1432504860	1432504873	1432504961
1432506879	1432506895	1432506919
1432508247	1432508259	1432508284
1432428600	1432428621	1432428669
1432430521	1432430648	1432430678
1432432551	1432432565	1432432595
1432434570	1432434588	1432434617
1432436627	1432436645	1432436677
1432438859	1432438881	1432438916
1432438859	1432438881	1432439736
1432441629	1432441643	1432441701
1432443559	1432443573	1432443597
1432445449	1432445496	1432445534
1432447360	1432447379	1432447407
1432450315	1432450335	1432450474
1432452296	1432452309	1432452336
1432455251	1432455275	1432455299
1432457135	1432457149	1432457179
1432459023	1432459040	1432459070
1432471852	1432471889	1432471919
1432473756	1432473780	1432473805
1432475634	1432475653	1432475693
1432477773	1432477794	1432477828
1432513443	1432513456	1432513477
1432515325	1432515338	1432515368
1432517214	1432517229	1432517253
1432519083	1432519100	1432519124
1432520954	1432520966	1432520994
1432522835	1432522849	1432522874
1432524718	1432524738	1432524776
1432526762	1432526780	1432526837
1432528715	1432528745	1432528797
1432530666	1432530697	1432530756
1432538766	1432538784	1432538820
1432541736	1432541749	1432541781
1432543637	1432543656	1432543684
1432545648	1432545663	1432545685
1432547538	1432547552	1432547577
1432548559	1432548571	1432548598
1432550500	1432550518	1432550552
1432552547	1432552620	1432552653
1432557811	1432557864	1432557910
1432557811	1432557864	1432558160
1432560181	1432560287	1432560341
1432562362	1432562384	1432562426
1432564436	1432564447	1432564473
1432571481	1432571499	1432571673
1432573623	1432573639	1432573701
1432575539	1432575555	1432575610
1432577487	1432577502	1432577661
1432578897	1432578910	1432579555
1432581642	1432581660	1432581684
1432583540	1432583555	1432583620
1432589644	1432589662	1432589700
1432591569	1432591583	1432591611
1432593622	1432593638	1432593665
1432595679	1432595698	1432595724
1432598239	1432598257	1432598371
1432600238	1432600251	1432600339
1432602208	1432602222	1432602293
1432602625	1432602636	1432602755
1432604627	1432604640	1432605806
1432607750	1432607765	1432607834
1432609827	1432609844	1432609880
1432611779	1432611797	1432611835
1432615286	1432615300	1432615375
1478160491	1478160511	1478160565
1478162151      1478162162      1478162176
1478173628      1478173637      1478173659
1478173628      1478173637      1478174244
1478173628      1478173637      1478174687
1478177154      1478177171      1478177183
1478177724      1478177731      1478177744
1478178278      1478178285      1478178302
1478178796      1478178803      1478178815
1478184786      1478184803      1478184822
1478184786      1478184803      1478185121
1478184786      1478184803      1478185429
1478184786      1478184803      1478185711
1478184786      1478184803      1478186014
1478184786      1478184803      1478186293
1478184786      1478184803      1478186563
1478186863      1478186870      1478186880
1478186863      1478186870      1478187158
1478186863      1478186870      1478187429
1478186863      1478186870      1478187829
1478186863      1478186870      1478188102
1478186863      1478186870      1478188381
1478186863      1478186870      1478188662
1478188936      1478188944      1478188969
1478188936      1478188944      1478189720
1478190243      1478190253      1478190286
1478190243      1478190253      1478190607
1478190995      1478191017      1478191027
1478190995      1478191017      1478191276
1478190995      1478191017      1478191546
1478190995      1478191017      1478192124
1478190995      1478191017      1478192698
1478193331      1478193337      1478193350
1478193331      1478193337      1478193904
1478194558      1478194572      1478194605
1478194558      1478194572      1478195275
1478195958      1478195968      1478195982
1478195958      1478195968      1478196566
1478195958      1478195968      1478197171
1478197510      1478197517      1478197528
1478197510      1478197517      1478197809
1478197510      1478197517      1478198098
1478197510      1478197517      1478198389
1478198816      1478198823      1478198835
1478198816      1478198823      1478199014
1478200750      1478200759      1478200771
1478200750      1478200759      1478201093
1478200750      1478200759      1478201396
1478200750      1478200759      1478201681
1478200750      1478200759      1478201989
1478200750      1478200759      1478202355
1478202675      1478202694      1478202726
1478203610      1478203618      1478203635
1478203610      1478203618      1478203918
1478203610      1478203618      1478204193
1478203610      1478203618      1478204493
1478203610      1478203618      1478204777
1478203610      1478203618      1478205064
1478203610      1478203618      1478205337
1478205622      1478205634      1478205651
1478205622      1478205634      1478205998
1478205622      1478205634      1478206344
1478215351      1478215359      1478215385
1478215477      1478215483      1478215498
1478215477      1478215483      1478216047
1478215477      1478215483      1478216602
1478215477      1478215483      1478217158
1478217718      1478217731      1478217748
1478217718      1478217731      1478218093
1478220154      1478220173      1478221476
1478221562      1478221570      1478221620
1478222140      1478222146      1478222180
1478222140      1478222146      1478223251
1478225352      1478225359      1478225373
1478228196      1478228207      1478228267
1478228196      1478228207      1478229205
1478228196      1478228207      1478229572
1478230095      1478230102      1478230114
1478230095      1478230102      1478230463
1478231002      1478231009      1478231031
1478232581      1478232589      1478232779
1478232581      1478232589      1478233295
1478234428      1478234440      1478234456
1478234428      1478234440      1478234864
1478235440      1478235450      1478235463
1478235440      1478235450      1478235947
1478237788      1478237794      1478237815
1478237788      1478237794      1478238294
1478237788      1478237794      1478238639
1478237788      1478237794      1478239030
1478239163      1478239176      1478239192
1478239163      1478239176      1478239614
1478239163      1478239176      1478239999
1478241511      1478241517      1478241530
1478241511      1478241517      1478241871
1478241511      1478241517      1478242264
1478242686      1478242697      1478242749
